-49.51132790729931  69.12388435409073
 -49.53020612272812  69.13014557235614
 -49.54774868582313  69.13580010350709
 -49.56567261184655  69.14220079657328
 -49.58121383350517  69.14700704092915
 -49.59953791029976  69.15158187971639
 -49.61144466405707  69.15421717276105
 -49.62275066692369  69.15650674042672
 -49.63321917243452  69.15820226293242
 -49.64873844256426  69.16010681447622
 -49.667797818846  69.16229283580614
 -49.68476071709021  69.16395318775474
 -49.70380962102284  69.1663880968088
 -49.72008293212859  69.16778623760609
 -49.73491978334323  69.16942432667391
 -49.75051774993968  69.17030812195836
 -49.7668282133913  69.17119612337797
 -49.78525840605614  69.17235207375924
 -49.80158740591749  69.17298396075053
 -49.82076301952306  69.17363585047077
 -49.83998480744192  69.1735269217772
 -49.86129742945969  69.17419029068809
 -49.87694923784963  69.17430418147289
 -49.89186183544206  69.17491746079259
 -49.90891057118095  69.17554456295463
 -49.92312851767862  69.17589728146388
 -49.93664962389437  69.17599101706601
 -49.95084259003782  69.17684742485088
 -49.96933491172081  69.1772255202286
 -49.9842699865471  69.1775781560499
 -49.99494808085183  69.17764858367323
 -50.00844884707094  69.17824282413713
 -50.0191285938661  69.17831180842219
 -50.03335670722004  69.17865578062228
 -50.0447502428405  69.17872775167075
 -50.05898103684836  69.17906969477905
